{
    "intrinsics_calib_rgb": {
        "type_id": "opencv-matrix",
        "rows": 3,
        "cols": 3,
        "dt": "d",
        "data": [ 5.3349354616020560e+02, 0.0, 6.4783925103689376e+02,
            0.0, 5.3426821754247419e+02, 4.6747290771137898e+02, 0.0,
            0.0, 1.0 ]
    },
    "distortion_calib_rgb": {
        "type_id": "opencv-matrix",
        "rows": 1,
        "cols": 5,
        "dt": "d",
        "data": [ -1.4150102357870850e-01, 3.7281173913388845e-02,
            -1.6768410633141186e-03, 3.3608426951973083e-03,
            -3.4794444780903364e-02 ]
    },
    "rotation_calib_rgb_calib_ir1": {
        "type_id": "opencv-matrix",
        "rows": 3,
        "cols": 3,
        "dt": "d",
        "data": [
            0.99978622937517370, -0.00534148816562802, -0.01997408460854277,
            0.00259733676970209,  0.99084687370618420, -0.13496565010544584,
            0.02051217671232195,  0.13488491898969782,  0.99064893339450230 ]
    },
    "translation_calib_rgb_calib_ir1": {
        "type_id": "opencv-matrix",
        "rows": 3,
        "cols": 1,
        "dt": "d",
        "data": [ -0.07651799292386417, 0.0065906161110324, -0.02092082708112653 ]
    },
    "intrinsics_calib_ir1": {
        "type_id": "opencv-matrix",
        "rows": 3,
        "cols": 3,
        "dt": "d",
        "data": [ 4.8086049876392468e+02, 0.0, 3.1686048349006705e+02,
            0.0, 4.8060677256992273e+02, 2.4112287240117763e+02, 0.0,
            0.0, 1.0 ]
    },
    "distortion_calib_ir1": {
        "type_id": "opencv-matrix",
        "rows": 1,
        "cols": 5,
        "dt": "d",
        "data": [ -3.3808429024086109e-02, 8.9477188021036810e-02,
            2.1717962671319122e-03, -1.6380388621480428e-04,
            -1.3193027060703391e-01 ]
    },
    "rotation_calib_rgb_calib_ir2": {
        "type_id": "opencv-matrix",
        "rows": 3,
        "cols": 3,
        "dt": "d",
        "data": [
            0.99984627383548540, -0.00518452968697290, -0.01674960743482189,
            0.00285237225170630,  0.99065389479926890, -0.13636980857791370,
            0.01730007716264411,  0.13630106885481136,  0.99051639358427710 ]
    },
    "translation_calib_rgb_calib_ir2": {
        "type_id": "opencv-matrix",
        "rows": 3,
        "cols": 1,
        "dt": "d",
        "data": [ 0.02360233693299438, 0.00702807782840244, -0.0226286949196499 ]
    },
    "intrinsics_calib_ir2": {
        "type_id": "opencv-matrix",
        "rows": 3,
        "cols": 3,
        "dt": "d",
        "data": [ 4.8226334425900234e+02, 0.0, 3.1847735693960584e+02,
            0.0, 4.8182770266019509e+02, 2.4074936865094494e+02, 0.0,
            0.0, 1.0 ]
    },
    "distortion_calib_ir2": {
        "type_id": "opencv-matrix",
        "rows": 1,
        "cols": 5,
        "dt": "d",
        "data": [ -5.0979450994376049e-02, 2.0945908055799228e-01,
            1.2902177352580226e-03, -3.5891008078149954e-04,
            -3.5570480765122980e-01 ]
    },
    "transformation_calib_ir1_calib_ir2": {
        "type_id": "opencv-matrix",
        "rows": 4,
        "cols": 4,
        "dt": "d",
        "data": [
             0.9999948068840243    ,  0.0001854720106166977 ,  0.003217422122780932  ,  0.100065031219886     ,
            -0.00018088340429128465,  0.9999989663213686    , -0.0014264071608617148 , -0.00033169959709127613,
            -0.003217683355604505  ,  0.0014258177750972687 ,  0.9999938067595695    , -0.003750751697289143  ,
             0.0                   ,  0.0                   ,  0.0                   ,  1.0                    ]
    }
}
