{
    "intrinsics_calib_rgb": {
        "type_id": "opencv-matrix",
        "rows": 3,
        "cols": 3,
        "dt": "d",
        "data": [
            1047.72479516,    0.00000000, 316.43404287,
               0.00000000, 1047.73770277, 200.16230915,
               0.00000000,    0.00000000,   1.00000000 ]
    },
    "distortion_calib_rgb": {
        "type_id": "opencv-matrix",
        "rows": 1,
        "cols": 5,
        "dt": "d",
        "data": [  0.15421832, -0.69074623,  0.00225488, -0.00266805 ]
    },
    "rotation_calib_rgb_calib_ir1": {
        "type_id": "opencv-matrix",
        "rows": 3,
        "cols": 3,
        "dt": "d",
        "data": [
             9.99972660e-01,  5.10762030e-03,  5.34713547e-03,
            -5.13749173e-03,  9.99971192e-01,  5.58768723e-03,
            -5.31844164e-03, -5.61500533e-03,  9.99970092e-01]
    },
    "translation_calib_rgb_calib_ir1": {
        "type_id": "opencv-matrix",
        "rows": 3,
        "cols": 1,
        "dt": "d",
        "data": [ -3.88561628e-02, -1.38879216e-04, 1.18064937e-02 ]
    },
    "intrinsics_calib_ir1": {
        "type_id": "opencv-matrix",
        "rows": 3,
        "cols": 3,
        "dt": "d",
        "data": [
            805.95777810,   0.00000000, 662.65475366,
              0.00000000, 805.58543398, 391.60399178,
              0.00000000,   0.00000000,   1.00000000 ]
    },
    "distortion_calib_ir1": {
        "type_id": "opencv-matrix",
        "rows": 1,
        "cols": 5,
        "dt": "d",
        "data": [ 0.04103044, -0.10850525, 0.00009864, -0.0011213 ]
    },
    "rotation_calib_rgb_calib_ir2": {
        "type_id": "opencv-matrix",
        "rows": 3,
        "cols": 3,
        "dt": "d",
        "data": [
             9.99956400e-01,  2.60806160e-03, -8.96636364e-03,
            -2.52086203e-03,  9.99949555e-01,  9.72277310e-03,
             8.99126892e-03, -9.69974622e-03,  9.99912532e-01]
    },
    "translation_calib_rgb_calib_ir2": {
        "type_id": "opencv-matrix",
        "rows": 3,
        "cols": 1,
        "dt": "d",
        "data": [ 3.60855500e-02, -7.86810000e-04, 1.26296600e-02 ]
    },
    "intrinsics_calib_ir2": {
        "type_id": "opencv-matrix",
        "rows": 3,
        "cols": 3,
        "dt": "d",
        "data": [
            804.77351565,   0.00000000, 655.18705896,
              0.00000000, 804.40665386, 412.12050057,
              0.00000000,   0.00000000,   1.00000000 ]
    },
    "distortion_calib_ir2": {
        "type_id": "opencv-matrix",
        "rows": 1,
        "cols": 5,
        "dt": "d",
        "data": [ 0.05929967, -0.16838491, -0.00071769, 0.00091715 ]
    },
    "transformation_calib_ir1_calib_ir2": {
        "type_id": "opencv-matrix",
        "rows": 4,
        "cols": 4,
        "dt": "d",
        "data": [
             9.99894193e-01, -2.47765474e-03, -1.43340456e-02,  7.49386146e-02,
             2.53612218e-03,  9.99988533e-01,  4.06218202e-03, -2.69760388e-04,
             1.43238166e-02, -4.09810510e-03,  9.99889011e-01,  1.22024477e-03,
             0.0           ,  0.0           ,  0.0           ,  1.0           ]
    }
}
